27.11.2013
G = <V,E> - граф взвешенный.
	 |0   3 2   inf inf inf	|
	 |3   0 1   1   3   2	|
A1 = |2   1 0   5   4   inf	|
	 |inf 1 5   0   2   3	|
	 |inf 3 4   2   0   1  	|
	 |inf 2 inf 3   1   0	|
	 
a^2_ij = min(a_ik + a_kj)
	 |0 3 2 4 6 5|
	 |3 0 1 1 3 2|
	 |2 1 0 2 4 3|
A2 = |4 1 2 0 2 3|
	 |6 3 4 2 0 1|
	 |5 2 3 3 1 0|
	 
	 |0 3 2 4 6 5|
	 |3 0 1 1 3 2|
	 |2 1 0 2 4 3|
A2 = |4 1 2 0 2 3|
	 |6 3 4 2 0 1|
	 |5 2 3 3 1 0|
	 
0 3 2 2000 2000 2000 3 0 1 1 3 2 2 1 0 5 4 2000 2000 1 5 0 2 3 2000 3 4 2 0 1 2000 2 2000 3 1 0

змерности
(например, dim=128 для дескрипторов SIFT) 
 
Slide credit: K. Grauman, B. Leibe 
И