01.02.2013
f = (1001 1101 0010 1010)
sigma = (0010)
		f_x1	f_x1_x2		f_x1_x2_x3	f_x1_x2_x4
0000|1 	 0			1			1			0			
0001|0   0			0			0			1			1 
0010|0   1			1			1			0			1 0
0011|1   0			0			0			1			1 0 0
0100|1   1			0			0			0			1 0 0 0
0101|1   0			0			0			0			0 1 1 1 1
0110|0   1			1			1			0			0 0 1 0 1 0
0111|1   0			0			0			1			1 1 1 0 0 1 1
1000|0   1			1			1			1			0 1 0 1 1 1 0 1
1001|0   0			1			1			1			0 0 1 1 0 1 0 0 1
1010|1   0			0			0			1			0 0 0 1 0 0 1 1 1 0
1011|0   1			1			1			0			1 1 1 1 0 0 0 1 0 1 1
1100|1   1			1			1			0			0 1 0 1 0 0 0 0 1 1 0 1
1101|0   1			0			0			1			1 1 0 0 1 1 1 1 1 0 1 1 0
1110|1   0			0			0			1			0 1 0 0 0 0 1 0 1 0 0 1 0 0
1111|0   1			1			1			0			1 1 0 0 0 0 0 1 1 0 0 0 1 1 1

0100 0101 1101 1010
f = !x4 + !x2!x4 + !x2x3!x4 + !x1 + !x1!x4 + !x1x3!x4 + !x1!x2 + !x1!x2x3

f = 1011 0110 1101 0010)
sigma = (1000)
		   f_x2		f_x2_x3		f_x2_x3_x4	
0000|1		0			1			0		
0001|0 		1			0			1		1
0010|1		1			0			1		0 1	
0011|1		0			1			0		1 1 0
0100|0		1			1			1		1 0 1 1
0101|1		0			1			1		0 1 1 0 1
0110|1		1			1			0		1 1 0 1 1 0
0111|0		1			0			1		1 0 1 1 0 1 1
1000|1		0			1			0		1 0 0 1 0 0 1 0
1001|1		0			0			1		1 0 0 0 1 1 1 0 0
1010|0		1			0			0		1 0 0 0 0 1 0 1 1 1
1011|1		0			0			0		0 1 1 1 1 1 0 0 1 0 1
1100|0		1			0			1		1 1 0 1 0 1 0 0 0 1 1 0
1101|0		1			1			0		1 0 1 1 0 0 1 1 1 1 0 1 1
1110|1		0			1			1		1 0 0 1 0 0 0 1 0 1 0 0 1 0
1111|0		1			1			1		0 1 1 1 0 0 0 0 1 1 0 0 0 1 1

0000 0000 0010 111
0001




f = !x4 + !x3 +!x2 + !x2!x4 + !x2!x3!x4 + x1!x3 + x1!x3!x4 + x1!x2!x3!x4

0	0000			Subtotal
1	0001	1	|1|		1
2	0010	1	|1|		2
3	0011	0	|0|		
4	0100	1	|1|		3
5	0101	1	|2|		5
6	0110	0	|0|
7	0111	1	|3|		8
8	1000	0	|0|
9	1001	0	|0|
10	1010	1	|2|		10
11	1011	1	|3|		13
12	1100	0	|0|
13	1101	1	|
14	1110	0	|
15	1111	1	|



000 0
001 0
010 0
011 1
100 1
101 0
110 0
111 0