04.03.2013
n - предметов у 1 игрока
m - предметов у 2 игрока
k
a1,...,ak	a_1+...+a_k = n
b1,...,bn   b_1+...+b_n = m

# k = 2
n = 3 m = 2
{1,2} {2,1} {0,3} {3,0}
{2,0} {0,2} {1,1} 
Минимум по строкам равен максимуму по столбцам, значит, в игре существует чистая стратегия.
Ситуация равновесия - стратегия от которой невыгодно отклоняться

1	0	0
1	1	0
0	1	1
0	0	1

y1  		 <= 1
y1 + y2 	 <= 1
	 y2 + y3 <= 1
		  y3 <= 1
y1 + y2 + y3 -> max

x1 + x2 		  >= 1
	 x2 + x3 	  >= 1
		  x3 + x4 >= 1
x1 + x2 + x3 -> min

y1  		 + y4 				= 1
y1 + y2 	 	  +y5			= 1
	 y2 + y3 		  +y6		= 1
		  y3 			  +y7	= 1
y1 + y2 + y3 = 0

 1	 0	 0	1	0	0	0	1
 1	 1	 0	0	1	0	0	1
 0	 1	 1	0	0	1	0	1
 0	 0	 1	0	0	0	1	1
-1	-1	-1	0	0	0	0	0

 1	 0	 0	 1	0	0	0	1
 0	 1	 0	-1	1	0	0	0
 0	 0	 0	 1	-1	1	-1	0
 0	 0	 1	 0	0	0	1	1
 0	 0	 0	 0	1	0	1	2

 
d - проигрыш
1/d = 2
Значит, вероятность(мат. ожидание) проиграть - 1/2
Вероятности - (1/2 0 1/2)

1  0.5  0    0 0  0.5 0 0 0    0 0.5
0  1.5  1    0 0 -0.5 1 0 0    0 0.5
0    1  2    1 0    0 0 1 0    0   1
0    0  1  1.5 0    0 0 0 1 -0.5 0.5
0    0  0  0.5 1    0 0 0 0  0.5 0.5
0 -0.5 -1 -0.5 0  0.5 0 0 0  0.5   1

1  0.5  0    0   0  0.5  0    0 0    0 0.5
0    1  1 -0.5   0 -0.5 -1 -0.5 0    0   0
0  0.5  1  0.5   0    0  0  0.5 0    0 0.5
0 -0.5  0    1   0    0  0 -0.5 1 -0.5   0
0    0  0  0.5   1    0  0    0 0  0.5 0.5
0    0  0    0 0.5  0.5  0    0 0  0.5 1.5

1	 0,5	0	   0	0	 0,5	 0	   0	0	   0	0,5
0	   1	0	-0,5	0	-0,5	-1	-0,5	0	   0	0
0	 0,5	1	 0,5	0	   0	 0	 0,5	0	   0	0,5
0	-0,5	0	   1	0	   0	 0	-0,5	1	-0,5	0
0	   0	0	 0,5	1	   0	 0	   0	0	 0,5	0,5
0	   0	0	   0	0	 0,5	 0	 0,5	0	 1,5	1,5

n = 5
m = 3
 2	 1	 0	 0	1	0	0	0	1
 1	 2	 1	 0	0	1	0	0	1
 0	 1	 2	 1	0	0	1	0	1
 0	 0	 1	 2 	0	0	0	1	1
-1  -1  -1  -1  0	0	0	0	0

1	0.5    0	 0	 0.5	0	0	  0	 0.5
0	1.5	   1	 0	-0.5    1	0	  0	 0.5
0	  1	   2	 1	   0	0	1	  0	   1
0	  0	 1/2	 1 	   0	0	0	1/2	 0.5
0  -0.5 -0.5     0	 0.5	0	0	1/2	   1

1   0  -1/3   0   2/3  -1/3  0    0  1/3
0	1   2/3   0  -1/3   2/3  0    0  1/3
0	0	5/6	  0   1/3  -2/3  1 -1/2	 1/6
0	0	1/2	  1     0     0  0  1/2  1/2
0   0  -1/6   0   1/3   1/3  0  2/3  7/6