10.04.2014
Алгоритм Гровера
f = (0000 0000 1000 0000) = (0 1 2 3 4 5 6 7 24 9 10 11 12 13 14 15 16 17 18 19 20 21 22 23 8 25 26 27 28 29 30 31)

x y z 	   f
0 0 0 0 0  0 0 0 0 0
0 0 0 0 1  0 0 0 0 1
0 0 0 1 0  0 0 0 1 0
0 0 0 1 1  0 0 0 1 1
-------
0 0 1 0 0  0 0 1 0 0
0 0 1 0 1  0 0 1 0 1
0 0 1 1 0  0 0 1 1 0
0 0 1 1 1  0 0 1 1 1
------- 
0 1 0 0 0  1 1 0 0 0
0 1 0 0 1  0 1 0 0 1
0 1 0 1 0  0 1 0 1 0
0 1 0 1 1  0 1 0 1 1
------- 
0 1 1 0 0  0 1 1 0 0
0 1 1 0 1  0 1 1 0 1
0 1 1 1 0  0 1 1 1 0
0 1 1 1 1  0 1 1 1 1
------------
1 0 0 0 0  1 0 0 0 0
1 0 0 0 1  1 0 0 0 1
1 0 0 1 0  1 0 0 1 0
1 0 0 1 1  1 0 0 1 1
-------
1 0 1 0 0  1 0 1 0 0
1 0 1 0 1  1 0 1 0 1
1 0 1 1 0  1 0 1 1 0
1 0 1 1 1  1 0 1 1 1 
------- 
1 1 0 0 0  0 1 0 0 0
1 1 0 0 1  1 1 0 0 1
1 1 0 1 0  1 1 0 1 0
1 1 0 1 1  1 1 0 1 1
------- 
1 1 1 0 0  1 1 1 0 0
1 1 1 0 1  1 1 1 0 1
1 1 1 1 0  1 1 1 1 0
1 1 1 1 1  1 1 1 1 1 

Матрица диффузии
delta4 = - I_4 + 2/16 • J^4 = 1/8 (-7 1 ... 1)
								  (1 -7 ... 1)
										...
								  (1 1 ... -7)
phi_0 = |10000>
phi_1 = H|1> x H|0> x H|0> x H|0> x H|0> = 1/4sqrt(2) (1111 1111 1111 1111 -1-1-1-1 -1-1-1-1 -1-1-1-1 -1-1-1-1)
phi_2 = F(phi_1) = 1/4sqrt(2) (1111 1111 -1111 1111 -1-1-1-1 -1-1-1-1 1-1-1-1 -1-1-1-1)
phi_3 = I x delta_4(phi_2) = 1/8 (delta_4 0) (phi_2) = 1/32sqrt(2) (6 6 6 6 6 6 22 6 6 6 6 6 6 6 -6 -6 -6 -6 -6 -6 -6 -6 -22 -6 -6 -6 -6 -6 -6 -6)
								 (0 delta_4)
phi'_2 = F(phi_3) = 1/16sqrt(2) (3333 3333 -11 333 3333 -3-3-3-3 -3-3-3-3 11 333 3333)
phi'_3 = 1/128sqrt(2) (10 10 10 10 10 10 10 10 122 10 10 10 10 10 10 10 10 -10-10-10-10 -10-10-10-10 -122-10-10-10 -10-10-10-10)
(10/128sqrt(2))^2 = 25*30/8192 = 750/8192